   0.00000000       11.4118414    
   1.99999996E-02   11.4132462    
   3.99999991E-02   11.4135132    
   5.99999987E-02   11.4146166    
   7.99999982E-02   11.4179802    
   9.99999940E-02   11.4207172    
  0.119999990       11.4239082    
  0.139999986       11.4268389    
  0.159999982       11.4297895    
  0.179999977       11.4323530    
  0.199999973       11.4344282    
  0.219999969       11.4364071    
  0.239999965       11.4371185    
  0.259999961       11.4381723    
  0.279999971       11.4376726    
  0.299999982       11.4377575    
  0.319999993       11.4364567    
  0.340000004       11.4358931    
  0.360000014       11.4343386    
  0.380000025       11.4334230    
  0.400000036       11.4324789    
  0.420000046       11.4318714    
  0.440000057       11.4320889    
  0.460000068       11.4323254    
  0.480000079       11.4342842    
  0.500000060       11.4360218    
  0.520000041       11.4399700    
  0.540000021       11.4436808    
  0.560000002       11.4494820    
  0.579999983       11.4551849    
  0.599999964       11.4620419    
  0.619999945       11.4689932    
  0.639999926       11.4754505    
  0.659999907       11.4821377    
  0.679999888       11.4865208    
  0.699999869       11.4911556    
  0.719999850       11.4922819    
  0.739999831       11.4935961    
  0.759999812       11.4914513    
  0.779999793       11.4893990    
  0.799999774       11.4853706    
  0.819999754       11.4813643    
  0.839999735       11.4778709    
  0.859999716       11.4743900    
  0.879999697       11.4740410    
  0.899999678       11.4737625    
  0.919999659       11.4783354    
  0.939999640       11.4830637    
  0.959999621       11.4926939    
  0.979999602       11.5025167    
  0.999999583       11.5154171    
   1.01999962       11.5284243    
   1.03999960       11.5413485    
   1.05999959       11.5541725    
   1.07999957       11.5635738    
   1.09999955       11.5726595    
   1.11999953       11.5761814    
   1.13999951       11.5793133    
   1.15999949       11.5768728    
   1.17999947       11.5741758    
   1.19999945       11.5680542    
   1.21999943       11.5619459    
   1.23999941       11.5558147    
   1.25999939       11.5499401    
   1.27999938       11.5473537    
   1.29999936       11.5451202    
   1.31999934       11.5482330    
   1.33999932       11.5516253    
   1.35999930       11.5606041    
   1.37999928       11.5696583    
   1.39999926       11.5828228    
   1.41999924       11.5958271    
   1.43999922       11.6103191    
   1.45999920       11.6244459    
   1.47999918       11.6371326    
   1.49999917       11.6493416    
   1.51999915       11.6577339    
   1.53999913       11.6656704    
   1.55999911       11.6686401    
   1.57999909       11.6712971    
   1.59999907       11.6693907    
   1.61999905       11.6673670    
   1.63999903       11.6625681    
   1.65999901       11.6578054    
   1.67999899       11.6528769    
   1.69999897       11.6480160    
   1.71999896       11.6456814    
   1.73999894       11.6433401    
   1.75999892       11.6456242    
   1.77999890       11.6477919    
   1.79999888       11.6556034    
   1.81999886       11.6632318    
   1.83999884       11.6761360    
   1.85999882       11.6888390    
   1.87999880       11.7049904    
   1.89999878       11.7209101    
   1.91999876       11.7372904    
   1.93999875       11.7533398    
   1.95999873       11.7664461    
   1.97999871       11.7790833    
   1.99999869       11.7860537    
   2.01999879       11.7924824    
   2.03999877       11.7922688    
   2.05999875       11.7915773    
   2.07999873       11.7855043    
   2.09999871       11.7791243    
   2.11999869       11.7704687    
   2.13999867       11.7616653    
   2.15999866       11.7544622    
   2.17999864       11.7471590    
   2.19999862       11.7448578    
   2.21999860       11.7423935    
   2.23999858       11.7469339    
   2.25999856       11.7512169    
   2.27999854       11.7626553    
   2.29999852       11.7737761    
   2.31999850       11.7903557    
   2.33999848       11.8065767    
   2.35999846       11.8250685    
   2.37999845       11.8431177    
   2.39999843       11.8594923    
   2.41999841       11.8752537    
   2.43999839       11.8857212    
   2.45999837       11.8953886    
   2.47999835       11.8976517    
   2.49999833       11.8990335    
   2.51999831       11.8932381    
   2.53999829       11.8866577    
   2.55999827       11.8754740    
   2.57999825       11.8636990    
   2.59999824       11.8513880    
   2.61999822       11.8386402    
   2.63999820       11.8296280    
   2.65999818       11.8202085    
   2.67999816       11.8178501    
   2.69999814       11.8150434    
   2.71999812       11.8209343    
   2.73999810       11.8263779    
   2.75999808       11.8401690    
   2.77999806       11.8535929    
   2.79999804       11.8730564    
   2.81999803       11.8922081    
   2.83999801       11.9135265    
   2.85999799       11.9343872    
   2.87999797       11.9528122    
   2.89999795       11.9703369    
   2.91999793       11.9813910    
   2.93999791       11.9909086    
   2.95999789       11.9918804    
   2.97999787       11.9907665    
   2.99999785       11.9818621    
   3.01999784       11.9706287    
   3.03999782       11.9549713    
   3.05999780       11.9370794    
   3.07999778       11.9194956    
   3.09999776       11.8999739    
   3.11999774       11.8852882    
   3.13999772       11.8690176    
   3.15999770       11.8607416    
   3.17999768       11.8512487    
   3.19999766       11.8510418    
   3.21999764       11.8500319    
   3.23999763       11.8577557    
   3.25999761       11.8650951    
   3.27999759       11.8790646    
   3.29999757       11.8929100    
   3.31999755       11.9101620    
   3.33999753       11.9271708    
   3.35999751       11.9438581    
   3.37999749       11.9596472    
   3.39999747       11.9717360    
   3.41999745       11.9817924    
   3.43999743       11.9860926    
   3.45999742       11.9870481    
   3.47999740       11.9822445    
   3.49999738       11.9729900    
   3.51999736       11.9601221    
   3.53999734       11.9421482    
   3.55999732       11.9241734    
   3.57999730       11.9008942    
   3.59999728       11.8815575    
   3.61999726       11.8570032    
   3.63999724       11.8396521    
   3.65999722       11.8172760    
   3.67999721       11.8041515    
   3.69999719       11.7862110    
   3.71999717       11.7783337    
   3.73999715       11.7658663    
   3.75999713       11.7632742    
   3.77999711       11.7563801    
   3.79999709       11.7584820    
   3.81999707       11.7566538    
   3.83999705       11.7624750    
   3.85999703       11.7648535    
   3.87999701       11.7732038    
   3.89999700       11.7787104    
   3.91999698       11.7882700    
   3.93999696       11.7956886    
   3.95999694       11.8050747    
   3.97999692       11.8131189    
   3.99999690       11.8209915    
   4.01999712       11.8284073    
   4.03999710       11.8336134    
   4.05999708       11.8393087    
   4.07999706       11.8410645    
   4.09999704       11.8442678    
   4.11999702       11.8422842    
   4.13999701       11.8426542    
   4.15999699       11.8371916    
   4.17999697       11.8348436    
   4.19999695       11.8266268    
   4.21999693       11.8220682    
   4.23999691       11.8121099    
   4.25999689       11.8060942    
   4.27999687       11.7954807    
   4.29999685       11.7888241    
   4.31999683       11.7785187    
   4.33999681       11.7719526    
   4.35999680       11.7626820    
   4.37999678       11.7567711    
   4.39999676       11.7489901    
   4.41999674       11.7440987    
   4.43999672       11.7380171    
   4.45999670       11.7343264    
   4.47999668       11.7299595    
   4.49999666       11.7275133    
   4.51999664       11.7247581    
   4.53999662       11.7234974    
   4.55999660       11.7221766    
   4.57999659       11.7219944    
   4.59999657       11.7219067    
   4.61999655       11.7226696    
   4.63999653       11.7236214    
   4.65999651       11.7251883    
   4.67999649       11.7269964    
   4.69999647       11.7292442    
   4.71999645       11.7317514    
   4.73999643       11.7345638    
   4.75999641       11.7376366    
   4.77999640       11.7409134    
   4.79999638       11.7444382    
   4.81999636       11.7480974    
   4.83999634       11.7519770    
   4.85999632       11.7559462    
   4.87999630       11.7601042    
   4.89999628       11.7643280    
   4.91999626       11.7687054    
   4.93999624       11.7731342    
   4.95999622       11.7776861    
   4.97999620       11.7822771    
   4.99999619       11.7869692    
   5.01999617       11.7916918    
   5.03999615       11.7964907    
   5.05999613       11.8013201    
   5.07999611       11.8062000    
   5.09999609       11.8111181    
   5.11999607       11.8160553    
   5.13999605       11.8210449    
   5.15999603       11.8260241    
   5.17999601       11.8310652    
   5.19999599       11.8360739    
   5.21999598       11.8411551    
   5.23999596       11.8461847    
   5.25999594       11.8513021    
   5.27999592       11.8563442    
   5.29999590       11.8614874    
   5.31999588       11.8665314    
   5.33999586       11.8717012    
   5.35999584       11.8767414    
   5.37999582       11.8819256    
   5.39999580       11.8869591    
   5.41999578       11.8921509    
   5.43999577       11.8971710    
   5.45999575       11.9023695    
   5.47999573       11.9073706    
   5.49999571       11.9125748    
   5.51999569       11.9175520    
   5.53999567       11.9227581    
   5.55999565       11.9277115    
   5.57999563       11.9329138    
   5.59999561       11.9378424    
   5.61999559       11.9430418    
   5.63999557       11.9479427    
   5.65999556       11.9531336    
   5.67999554       11.9580107    
   5.69999552       11.9631891    
   5.71999550       11.9680405    
   5.73999548       11.9732037    
   5.75999546       11.9780245    
   5.77999544       11.9831734    
   5.79999542       11.9879637    
   5.81999540       11.9930973    
   5.83999538       11.9978561    
   5.85999537       12.0029736    
   5.87999535       12.0076981    
   5.89999533       12.0128012    
   5.91999531       12.0174866    
   5.93999529       12.0225744    
   5.95999527       12.0272207    
   5.97999525       12.0322914    
   5.99999523       12.0369024    
   6.01999521       12.0419512    
   6.03999519       12.0465260    
   6.05999517       12.0515499    
   6.07999516       12.0560846    
   6.09999514       12.0610867    
   6.11999512       12.0655794    
   6.13999510       12.0705566    
   6.15999508       12.0750074    
   6.17999506       12.0799599    
   6.19999504       12.0843697    
   6.21999502       12.0892954    
   6.23999500       12.0936632    
   6.25999498       12.0985613    
   6.27999496       12.1028862    
   6.29999495       12.1077547    
   6.31999493       12.1120348    
   6.33999491       12.1168737    
   6.35999489       12.1211100    
   6.37999487       12.1259165    
   6.39999485       12.1301060    
   6.41999483       12.1348801    
   6.43999481       12.1390228    
   6.45999479       12.1437616    
   6.47999477       12.1478596    
   6.49999475       12.1525602    
   6.51999474       12.1566124    
   6.53999472       12.1612778    
   6.55999470       12.1652775    
   6.57999468       12.1699057    
   6.59999466       12.1738510    
   6.61999464       12.1784430    
   6.63999462       12.1823330    
   6.65999460       12.1868849    
   6.67999458       12.1907234    
   6.69999456       12.1952276    
   6.71999454       12.1990166    
   6.73999453       12.2034740    
   6.75999451       12.2072105    
   6.77999449       12.2116203    
   6.79999447       12.2153034    
   6.81999445       12.2196646    
   6.83999443       12.2232904    
   6.85999441       12.2276020    
   6.87999439       12.2311697    
   6.89999437       12.2354317    
   6.91999435       12.2389402    
   6.93999434       12.2431479    
   6.95999432       12.2465925    
   6.97999430       12.2507458    
   6.99999428       12.2541285    
   7.01999426       12.2582254    
   7.03999424       12.2615452    
   7.05999422       12.2655792    
   7.07999420       12.2688351    
   7.09999418       12.2728062    
   7.11999416       12.2759972    
   7.13999414       12.2799006    
   7.15999413       12.2830286    
   7.17999411       12.2868586    
   7.19999409       12.2899179    
   7.21999407       12.2936754    
   7.23999405       12.2966642    
   7.25999403       12.3003426    
   7.27999401       12.3032579    
   7.29999399       12.3068533    
   7.31999397       12.3096905    
   7.33999395       12.3131981    
   7.35999393       12.3159513    
   7.37999392       12.3193645    
   7.39999390       12.3220282    
   7.41999388       12.3253422    
   7.43999386       12.3279057    
   7.45999384       12.3311157    
   7.47999382       12.3335657    
   7.49999380       12.3366623    
   7.51999378       12.3389912    
   7.53999376       12.3419628    
   7.55999374       12.3441591    
   7.57999372       12.3469887    
   7.59999371       12.3490362    
   7.61999369       12.3517017    
   7.63999367       12.3535833    
   7.65999365       12.3560686    
   7.67999363       12.3577557    
   7.69999361       12.3600368    
   7.71999359       12.3615046    
   7.73999357       12.3635530    
   7.75999355       12.3647728    
   7.77999353       12.3665543    
   7.79999352       12.3674936    
   7.81999350       12.3689766    
   7.83999348       12.3695974    
   7.85999346       12.3707466    
   7.87999344       12.3710098    
   7.89999342       12.3717890    
   7.91999340       12.3716564    
   7.93999338       12.3720255    
   7.95999336       12.3714619    
   7.97999334       12.3713808    
   7.99999332       12.3703556    
   8.01999378       12.3697901    
   8.03999424       12.3682737    
   8.05999470       12.3671951    
   8.07999516       12.3651628    
   8.09999561       12.3635559    
   8.11999607       12.3609943    
   8.13999653       12.3588400    
   8.15999699       12.3557472    
   8.17999744       12.3530426    
   8.19999790       12.3494225    
   8.21999836       12.3461771    
   8.23999882       12.3420458    
   8.25999928       12.3382759    
   8.27999973       12.3336592    
   8.30000019       12.3293905    
   8.32000065       12.3243189    
   8.34000111       12.3195858    
   8.36000156       12.3140984    
   8.38000202       12.3089466    
   8.40000248       12.3030806    
   8.42000294       12.2975540    
   8.44000340       12.2913580    
   8.46000385       12.2854986    
   8.48000431       12.2790213    
   8.50000477       12.2728720    
   8.52000523       12.2661600    
   8.54000568       12.2597666    
   8.56000614       12.2528591    
   8.58000660       12.2462635    
   8.60000706       12.2391977    
   8.62000751       12.2324390    
   8.64000797       12.2252493    
   8.66000843       12.2183599    
   8.68000889       12.2110786    
   8.70000935       12.2040854    
   8.72000980       12.1967335    
   8.74001026       12.1896648    
   8.76001072       12.1822634    
   8.78001118       12.1751404    
   8.80001163       12.1677027    
   8.82001209       12.1605453    
   8.84001255       12.1530857    
   8.86001301       12.1459084    
   8.88001347       12.1384373    
   8.90001392       12.1312475    
   8.92001438       12.1237774    
   8.94001484       12.1165771    
   8.96001530       12.1091204    
   8.98001575       12.1019125    
   9.00001621       12.0944700    
   9.02001667       12.0872593    
   9.04001713       12.0798359    
   9.06001759       12.0726366    
   9.08001804       12.0652256    
   9.10001850       12.0580311    
   9.12001896       12.0506439    
   9.14001942       12.0434599    
   9.16001987       12.0360937    
   9.18002033       12.0289202    
   9.20002079       12.0215769    
   9.22002125       12.0144167    
   9.24002171       12.0070963    
   9.26002216       11.9999533    
   9.28002262       11.9926548    
   9.30002308       11.9855337    
   9.32002354       11.9782619    
   9.34002399       11.9711599    
   9.36002445       11.9639187    
   9.38002491       11.9568348    
   9.40002537       11.9496317    
   9.42002583       11.9425650    
   9.44002628       11.9354038    
   9.46002674       11.9283628    
   9.48002720       11.9212437    
   9.50002766       11.9142351    
   9.52002811       11.9071655    
   9.54002857       11.9001884    
   9.56002903       11.8931742    
   9.58002949       11.8862400    
   9.60002995       11.8792868    
   9.62003040       11.8723984    
   9.64003086       11.8655167    
   9.66003132       11.8586845    
   9.68003178       11.8518810    
   9.70003223       11.8451090    
   9.72003269       11.8383980    
   9.74003315       11.8317003    
   9.76003361       11.8250923    
   9.78003407       11.8184776    
   9.80003452       11.8119860    
   9.82003498       11.8054686    
   9.84003544       11.7991114    
   9.86003590       11.7927008    
   9.88003635       11.7864933    
   9.90003681       11.7802105    
   9.92003727       11.7741718    
   9.94003773       11.7680321    
   9.96003819       11.7621784    
   9.98003864       11.7562056    
   10.0000391       11.7505579    
   10.0200396       11.7447739    
   10.0400400       11.7393541    
   10.0600405       11.7337847    
   10.0800409       11.7286186    
   10.1000414       11.7232876    
   10.1200418       11.7184010    
   10.1400423       11.7133331    
   10.1600428       11.7087555    
   10.1800432       11.7039766    
   10.2000437       11.6997366    
   10.2200441       11.6952763    
   10.2400446       11.6913967    
   10.2600451       11.6872864    
   10.2800455       11.6837912    
   10.3000460       11.6800566    
   10.3200464       11.6769705    
   10.3400469       11.6736336    
   10.3600473       11.6709785    
   10.3800478       11.6680603    
   10.4000483       11.6658516    
   10.4200487       11.6633663    
   10.4400492       11.6616106    
   10.4600496       11.6595650    
   10.4800501       11.6582689    
   10.5000505       11.6566591    
   10.5200510       11.6558113    
   10.5400515       11.6546288    
   10.5600519       11.6542072    
   10.5800524       11.6534243    
   10.6000528       11.6533947    
   10.6200533       11.6529789    
   10.6400537       11.6533003    
   10.6600542       11.6532021    
   10.6800547       11.6538162    
   10.7000551       11.6539850    
   10.7200556       11.6548252    
   10.7400560       11.6552000    
   10.7600565       11.6562052    
   10.7800570       11.6567192    
   10.8000574       11.6578264    
   10.8200579       11.6584167    
   10.8400583       11.6595726    
   10.8600588       11.6601868    
   10.8800592       11.6613474    
   10.9000597       11.6619453    
   10.9200602       11.6630831    
   10.9400606       11.6636429    
   10.9600611       11.6647472    
   10.9800615       11.6652594    
   11.0000620       11.6663361    
   11.0200624       11.6668119    
   11.0400629       11.6678782    
   11.0600634       11.6683407    
   11.0800638       11.6694174    
   11.1000643       11.6698942    
   11.1200647       11.6710081    
   11.1400652       11.6715288    
   11.1600657       11.6727009    
   11.1800661       11.6732893    
   11.2000666       11.6745386    
   11.2200670       11.6752119    
   11.2400675       11.6765432    
   11.2600679       11.6773033    
   11.2800684       11.6787167    
   11.3000689       11.6795616    
   11.3200693       11.6810455    
   11.3400698       11.6819611    
   11.3600702       11.6835041    
   11.3800707       11.6844740    
   11.4000711       11.6860580    
   11.4200716       11.6870699    
   11.4400721       11.6886921    
   11.4600725       11.6897306    
   11.4800730       11.6913853    
   11.5000734       11.6924477    
   11.5200739       11.6941366    
   11.5400743       11.6952219    
   11.5600748       11.6969471    
   11.5800753       11.6980667    
   11.6000757       11.6998339    
   11.6200762       11.7009954    
   11.6400766       11.7028122    
   11.6600771       11.7040215    
   11.6800776       11.7058897    
   11.7000780       11.7071514    
   11.7200785       11.7090740    
   11.7400789       11.7103920    
   11.7600794       11.7123661    
   11.7800798       11.7137375    
   11.8000803       11.7157574    
   11.8200808       11.7171803    
   11.8400812       11.7192402    
   11.8600817       11.7207108    
   11.8800821       11.7228041    
   11.9000826       11.7243223    
   11.9200830       11.7264490    
   11.9400835       11.7280130    
   11.9600840       11.7301760    
   11.9800844       11.7317877    
   12.0000849       11.7339907    
   12.0200853       11.7356482    
   12.0400858       11.7378960    
   12.0600863       11.7396011    
   12.0800867       11.7418909    
   12.1000872       11.7436485    
   12.1200876       11.7459831    
   12.1400881       11.7477884    
   12.1600885       11.7501698    
   12.1800890       11.7520227    
   12.2000895       11.7544489    
   12.2200899       11.7563505    
   12.2400904       11.7588148    
   12.2600908       11.7607679    
   12.2800913       11.7632704    
   12.3000917       11.7652750    
   12.3200922       11.7678175    
   12.3400927       11.7698698    
   12.3600931       11.7724543    
   12.3800936       11.7745571    
   12.4000940       11.7771835    
   12.4200945       11.7793379    
   12.4400949       11.7820044    
   12.4600954       11.7842112    
   12.4800959       11.7869177    
   12.5000963       11.7891779    
   12.5200968       11.7919235    
   12.5400972       11.7942352    
   12.5600977       11.7970209    
   12.5800982       11.7993851    
   12.6000986       11.8022099    
   12.6200991       11.8046255    
   12.6400995       11.8074903    
   12.6601000       11.8099556    
   12.6801004       11.8128643    
   12.7001009       11.8153753    
   12.7201014       11.8183260    
   12.7401018       11.8208866    
   12.7601023       11.8238764    
   12.7801027       11.8264904    
   12.8001032       11.8295174    
   12.8201036       11.8321848    
   12.8401041       11.8352499    
   12.8601046       11.8379650    
   12.8801050       11.8410692    
   12.9001055       11.8438349    
   12.9201059       11.8469763    
   12.9401064       11.8497915    
   12.9601068       11.8529730    
   12.9801073       11.8558369    
   13.0001078       11.8590574    
   13.0201082       11.8619690    
   13.0401087       11.8652315    
   13.0601091       11.8681898    
   13.0801096       11.8714924    
   13.1001101       11.8744993    
   13.1201105       11.8778381    
   13.1401110       11.8808928    
   13.1601114       11.8842659    
   13.1801119       11.8873701    
   13.2001123       11.8907747    
   13.2201128       11.8939257    
   13.2401133       11.8973703    
   13.2601137       11.9005632    
   13.2801142       11.9040470    
   13.3001146       11.9072819    
   13.3201151       11.9108009    
   13.3401155       11.9140835    
   13.3601160       11.9176359    
   13.3801165       11.9209633    
   13.4001169       11.9245491    
   13.4201174       11.9279213    
   13.4401178       11.9315376    
   13.4601183       11.9349527    
   13.4801188       11.9385986    
   13.5001192       11.9420567    
   13.5201197       11.9457302    
   13.5401201       11.9492283    
   13.5601206       11.9529285    
   13.5801210       11.9564657    
   13.6001215       11.9601965    
   13.6201220       11.9637661    
   13.6401224       11.9675264    
   13.6601229       11.9711323    
   13.6801233       11.9749165    
   13.7001238       11.9785557    
   13.7201242       11.9823618    
   13.7401247       11.9860353    
   13.7601252       11.9898577    
   13.7801256       11.9935627    
   13.8001261       11.9973965    
   13.8201265       12.0011272    
   13.8401270       12.0049753    
   13.8601274       12.0087242    
   13.8801279       12.0125837    
   13.9001284       12.0163517    
   13.9201288       12.0202179    
   13.9401293       12.0239983    
   13.9601297       12.0278711    
   13.9801302       12.0316610    
   14.0001307       12.0355272    
   14.0201311       12.0393200    
   14.0401316       12.0431738    
   14.0601320       12.0469627    
   14.0801325       12.0507975    
   14.1001329       12.0545635    
   14.1201334       12.0583715    
   14.1401339       12.0621099    
   14.1601343       12.0658760    
   14.1801348       12.0695763    
   14.2001352       12.0732937    
   14.2201357       12.0769453    
   14.2401361       12.0806007    
   14.2601366       12.0841866    
   14.2801371       12.0877619    
   14.3001375       12.0912600    
   14.3201380       12.0947371    
   14.3401384       12.0981216    
   14.3601389       12.1014795    
   14.3801394       12.1047220    
   14.4001398       12.1079350    
   14.4201403       12.1110001    
   14.4401407       12.1140413    
   14.4601412       12.1169004    
   14.4801416       12.1197424    
   14.5001421       12.1223621    
   14.5201426       12.1249685    
   14.5401430       12.1273165    
   14.5601435       12.1296539    
   14.5801439       12.1316843    
   14.6001444       12.1337147    
   14.6201448       12.1353827    
   14.6401453       12.1370621    
   14.6601458       12.1383133    
   14.6801462       12.1396027    
   14.7001467       12.1403894    
   14.7201471       12.1412573    
   14.7401476       12.1415358    
   14.7601480       12.1419573    
   14.7801485       12.1416883    
   14.8001490       12.1416512    
   14.8201494       12.1408052    
   14.8401499       12.1402922    
   14.8601503       12.1388531    
   14.8801508       12.1378565    
   14.9001513       12.1358109    
   14.9201517       12.1343365    
   14.9401522       12.1316833    
   14.9601526       12.1297483    
   14.9801531       12.1264963    
   15.0001535       12.1241302    
   15.0201540       12.1203156    
   15.0401545       12.1175728    
   15.0601549       12.1132507    
   15.0801554       12.1102057    
   15.1001558       12.1054678    
   15.1201563       12.1022015    
   15.1401567       12.0971460    
   15.1601572       12.0937471    
   15.1801577       12.0884895    
   15.2001581       12.0850534    
   15.2201586       12.0797138    
   15.2401590       12.0763340    
   15.2601595       12.0710478    
   15.2801600       12.0678205    
   15.3001604       12.0627289    
   15.3201609       12.0597496    
   15.3401613       12.0550079    
   15.3601618       12.0523710    
   15.3801622       12.0481472    
   15.4001627       12.0459166    
   15.4201632       12.0423689    
   15.4401636       12.0405693    
   15.4601641       12.0378208    
   15.4801645       12.0364189    
   15.5001650       12.0345373    
   15.5201654       12.0334320    
   15.5401659       12.0324001    
   15.5601664       12.0314169    
   15.5801668       12.0311518    
   15.6001673       12.0300570    
   15.6201677       12.0303907    
   15.6401682       12.0289221    
   15.6601686       12.0296183    
   15.6801691       12.0275068    
   15.7001696       12.0282698    
   15.7201700       12.0252733    
   15.7401705       12.0257845    
   15.7601709       12.0217228    
   15.7801714       12.0216799    
   15.8001719       12.0164881    
   15.8201723       12.0156622    
   15.8401728       12.0094185    
   15.8601732       12.0077143    
   15.8801737       12.0006838    
   15.9001741       11.9981985    
   15.9201746       11.9908276    
   15.9401751       11.9878702    
   15.9601755       11.9807796    
   15.9801760       11.9778595    
   16.0001755       11.9717770    
   16.0201759       11.9695549    
   16.0401764       11.9652481    
   16.0601768       11.9644537    
   16.0801773       11.9626369    
   16.1001778       11.9639740    
   16.1201782       11.9652224    
   16.1401787       11.9692612    
   16.1601791       11.9739075    
   16.1801796       11.9809704    
   16.2001801       11.9890022    
   16.2201805       11.9990311    
   16.2401810       12.0099630    
   16.2601814       12.0223913    
   16.2801819       12.0351648    
   16.3001823       12.0488472    
   16.3201828       12.0618496    
   16.3401833       12.0751143    
   16.3601837       12.0863886    
   16.3801842       12.0973444    
   16.4001846       12.1050253    
   16.4201851       12.1120329    
   16.4401855       12.1149073    
   16.4601860       12.1171055    
   16.4801865       12.1150522    
   16.5001869       12.1127005    
   16.5201874       12.1068106    
   16.5401878       12.1012621    
   16.5601883       12.0935516    
   16.5801888       12.0869017    
   16.6001892       12.0797844    
   16.6201897       12.0743227    
   16.6401901       12.0700064    
   16.6601906       12.0676994    
   16.6801910       12.0677242    
   16.7001915       12.0698338    
   16.7201920       12.0748043    
   16.7401924       12.0816765    
   16.7601929       12.0912066    
   16.7801933       12.1022406    
   16.8001938       12.1150541    
   16.8201942       12.1288366    
   16.8401947       12.1430464    
   16.8601952       12.1576319    
   16.8801956       12.1711197    
   16.9001961       12.1844425    
   16.9201965       12.1953154    
   16.9401970       12.2056265    
   16.9601974       12.2125912    
   16.9801979       12.2188148    
   17.0001984       12.2213984    
   17.0201988       12.2232943    
   17.0401993       12.2218628    
   17.0601997       12.2199802    
   17.0802002       12.2155666    
   17.1002007       12.2110605    
   17.1202011       12.2051611    
   17.1402016       12.1995602    
   17.1602020       12.1938753    
   17.1802025       12.1888628    
   17.2002029       12.1850567    
   17.2202034       12.1822319    
   17.2402039       12.1816797    
   17.2602043       12.1822968    
   17.2802048       12.1858206    
   17.3002052       12.1905451    
   17.3202057       12.1982069    
   17.3402061       12.2069263    
   17.3602066       12.2179785    
   17.3802071       12.2298031    
   17.4002075       12.2428360    
   17.4202080       12.2562771    
   17.4402084       12.2695436    
   17.4602089       12.2828646    
   17.4802094       12.2946796    
   17.5002098       12.3062649    
   17.5202103       12.3153276    
   17.5402107       12.3239927    
   17.5602112       12.3295507    
   17.5802116       12.3346720    
   17.6002121       12.3365545    
   17.6202126       12.3380775    
   17.6402130       12.3366642    
   17.6602135       12.3350554    
   17.6802139       12.3312111    
   17.7002144       12.3273878    
   17.7202148       12.3223581    
   17.7402153       12.3175917    
   17.7602158       12.3128252    
   17.7802162       12.3085413    
   17.8002167       12.3054247    
   17.8202171       12.3029432    
   17.8402176       12.3025122    
   17.8602180       12.3027716    
   17.8802185       12.3055048    
   17.9002190       12.3088665    
   17.9202194       12.3146143    
   17.9402199       12.3208370    
   17.9602203       12.3289137    
   17.9802208       12.3372564    
   18.0002213       12.3466244    
   18.0202217       12.3560457    
   18.0402222       12.3655090    
   18.0602226       12.3748560    
   18.0802231       12.3832455    
   18.1002235       12.3914185    
   18.1202240       12.3977604    
   18.1402245       12.4038601    
   18.1602249       12.4075327    
   18.1802254       12.4110126    
   18.2002258       12.4118700    
   18.2202263       12.4126368    
   18.2402267       12.4110184    
   18.2602272       12.4094257    
   18.2802277       12.4060221    
   18.3002281       12.4027319    
   18.3202286       12.3983803    
   18.3402290       12.3941793    
   18.3602295       12.3896990    
   18.3802299       12.3853731    
   18.4002304       12.3815393    
   18.4202309       12.3778543    
   18.4402313       12.3754072    
   18.4602318       12.3731308    
   18.4802322       12.3727379    
   18.5002327       12.3725586    
   18.5202332       12.3746557    
   18.5402336       12.3769779    
   18.5602341       12.3815012    
   18.5802345       12.3861828    
   18.6002350       12.3923893    
   18.6202354       12.3985815    
   18.6402359       12.4050932    
   18.6602364       12.4113665    
   18.6802368       12.4165325    
   18.7002373       12.4212847    
   18.7202377       12.4237452    
   18.7402382       12.4257526    
   18.7602386       12.4249268    
   18.7802391       12.4237833    
   18.8002396       12.4200287    
   18.8202400       12.4161968    
   18.8402405       12.4105377    
   18.8602409       12.4050217    
   18.8802414       12.3986149    
   18.9002419       12.3924179    
   18.9202423       12.3860588    
   18.9402428       12.3797903    
   18.9602432       12.3737421    
   18.9802437       12.3675442    
   19.0002441       12.3617468    
   19.0202446       12.3555813    
   19.0402451       12.3500376    
   19.0602455       12.3440628    
   19.0802460       12.3391209    
   19.1002464       12.3338728    
   19.1202469       12.3301315    
   19.1402473       12.3263140    
   19.1602478       12.3241892    
   19.1802483       12.3221874    
   19.2002487       12.3214121    
   19.2202492       12.3207884    
   19.2402496       12.3201885    
   19.2602501       12.3195658    
   19.2802505       12.3173485    
   19.3002510       12.3148098    
   19.3202515       12.3092833    
   19.3402519       12.3031683    
   19.3602524       12.2935543    
   19.3802528       12.2832575    
   19.4002533       12.2701874    
   19.4202538       12.2565746    
   19.4402542       12.2419538    
   19.4602547       12.2270784    
   19.4802551       12.2133999    
   19.5002556       12.1997643    
   19.5202560       12.1891079    
   19.5402565       12.1786566    
   19.5602570       12.1719198    
   19.5802574       12.1653538    
   19.6002579       12.1618452    
   19.6202583       12.1582966    
   19.6402588       12.1560326    
   19.6602592       12.1534462    
   19.6802597       12.1498775    
   19.7002602       12.1457758    
   19.7202606       12.1389217    
   19.7402611       12.1315212    
   19.7602615       12.1208458    
   19.7802620       12.1097631    
   19.8002625       12.0966024    
   19.8202629       12.0834112    
   19.8402634       12.0700321    
   19.8602638       12.0568581    
   19.8802643       12.0461159    
   19.9002647       12.0356731    
   19.9202652       12.0286322    
   19.9402657       12.0221272    
   19.9602661       12.0185490    
   19.9802666       12.0146265    
   20.0002670       12.0134048    
