   0.00000000       11.4229383    
   9.99999978E-03   11.4229774    
   1.99999996E-02   11.4229813    
   2.99999993E-02   11.4230204    
   3.99999991E-02   11.4231091    
   4.99999970E-02   11.4232140    
   5.99999949E-02   11.4233217    
   6.99999928E-02   11.4234610    
   7.99999908E-02   11.4236202    
   8.99999887E-02   11.4238052    
   9.99999866E-02   11.4240026    
  0.109999985       11.4242268    
  0.119999982       11.4244671    
  0.129999980       11.4247351    
  0.139999986       11.4250145    
  0.149999991       11.4253235    
  0.159999996       11.4256449    
  0.170000002       11.4259949    
  0.180000007       11.4263554    
  0.190000013       11.4267473    
  0.200000018       11.4271498    
  0.210000023       11.4275846    
  0.220000029       11.4280262    
  0.230000034       11.4285059    
  0.240000039       11.4289894    
  0.250000030       11.4295111    
  0.260000020       11.4300385    
  0.270000011       11.4306021    
  0.280000001       11.4311695    
  0.289999992       11.4317770    
  0.299999982       11.4323845    
  0.309999973       11.4330320    
  0.319999963       11.4336815    
  0.329999954       11.4343672    
  0.339999944       11.4350605    
  0.349999934       11.4357843    
  0.359999925       11.4365196    
  0.369999915       11.4372835    
  0.379999906       11.4380569    
  0.389999896       11.4388599    
  0.399999887       11.4396725    
  0.409999877       11.4405136    
  0.419999868       11.4413643    
  0.429999858       11.4422426    
  0.439999849       11.4431314    
  0.449999839       11.4440498    
  0.459999830       11.4449720    
  0.469999820       11.4459333    
  0.479999810       11.4468889    
  0.489999801       11.4478912    
  0.499999791       11.4488811    
  0.509999812       11.4499226    
  0.519999802       11.4509478    
  0.529999793       11.4520273    
  0.539999783       11.4530907    
  0.549999774       11.4542074    
  0.559999764       11.4553051    
  0.569999754       11.4564600    
  0.579999745       11.4575911    
  0.589999735       11.4587841    
  0.599999726       11.4599485    
  0.609999716       11.4611797    
  0.619999707       11.4623747    
  0.629999697       11.4636431    
  0.639999688       11.4648685    
  0.649999678       11.4661732    
  0.659999669       11.4674301    
  0.669999659       11.4687681    
  0.679999650       11.4700556    
  0.689999640       11.4714270    
  0.699999630       11.4727449    
  0.709999621       11.4741468    
  0.719999611       11.4754934    
  0.729999602       11.4769287    
  0.739999592       11.4783039    
  0.749999583       11.4797735    
  0.759999573       11.4811764    
  0.769999564       11.4826775    
  0.779999554       11.4841118    
  0.789999545       11.4856405    
  0.799999535       11.4871092    
  0.809999526       11.4886637    
  0.819999516       11.4901667    
  0.829999506       11.4917459    
  0.839999497       11.4932842    
  0.849999487       11.4948874    
  0.859999478       11.4964600    
  0.869999468       11.4980898    
  0.879999459       11.4996977    
  0.889999449       11.5013514    
  0.899999440       11.5029945    
  0.909999430       11.5046730    
  0.919999421       11.5063477    
  0.929999411       11.5080528    
  0.939999402       11.5097599    
  0.949999392       11.5114880    
  0.959999382       11.5132265    
  0.969999373       11.5149794    
  0.979999363       11.5167465    
  0.989999354       11.5185232    
  0.999999344       11.5203152    
   1.00999939       11.5221167    
   1.01999938       11.5239305    
   1.02999938       11.5257530    
   1.03999937       11.5275869    
   1.04999936       11.5294304    
   1.05999935       11.5312843    
   1.06999934       11.5331488    
   1.07999933       11.5350218    
   1.08999932       11.5369081    
   1.09999931       11.5388031    
   1.10999930       11.5407124    
   1.11999929       11.5426283    
   1.12999928       11.5445614    
   1.13999927       11.5465002    
   1.14999926       11.5484562    
   1.15999925       11.5504169    
   1.16999924       11.5523968    
   1.17999923       11.5543785    
   1.18999922       11.5563803    
   1.19999921       11.5583820    
   1.20999920       11.5604010    
   1.21999919       11.5624218    
   1.22999918       11.5644569    
   1.23999918       11.5664930    
   1.24999917       11.5685463    
   1.25999916       11.5705957    
   1.26999915       11.5726662    
   1.27999914       11.5747309    
   1.28999913       11.5768204    
   1.29999912       11.5789032    
   1.30999911       11.5810127    
   1.31999910       11.5831156    
   1.32999909       11.5852451    
   1.33999908       11.5873709    
   1.34999907       11.5895185    
   1.35999906       11.5916672    
   1.36999905       11.5938339    
   1.37999904       11.5960026    
   1.38999903       11.5981865    
   1.39999902       11.6003666    
   1.40999901       11.6025648    
   1.41999900       11.6047516    
   1.42999899       11.6069574    
   1.43999898       11.6091499    
   1.44999897       11.6113586    
   1.45999897       11.6135530    
   1.46999896       11.6157656    
   1.47999895       11.6179628    
   1.48999894       11.6201792    
   1.49999893       11.6223822    
   1.50999892       11.6246080    
   1.51999891       11.6268244    
   1.52999890       11.6290636    
   1.53999889       11.6312971    
   1.54999888       11.6335554    
   1.55999887       11.6358118    
   1.56999886       11.6380892    
   1.57999885       11.6403656    
   1.58999884       11.6426592    
   1.59999883       11.6449518    
   1.60999882       11.6472559    
   1.61999881       11.6495552    
   1.62999880       11.6518669    
   1.63999879       11.6541624    
   1.64999878       11.6564722    
   1.65999877       11.6587629    
   1.66999876       11.6610661    
   1.67999876       11.6633530    
   1.68999875       11.6656466    
   1.69999874       11.6679373    
   1.70999873       11.6702290    
   1.71999872       11.6725321    
   1.72999871       11.6748323    
   1.73999870       11.6771584    
   1.74999869       11.6794786    
   1.75999868       11.6818314    
   1.76999867       11.6841764    
   1.77999866       11.6865578    
   1.78999865       11.6889286    
   1.79999864       11.6913261    
   1.80999863       11.6937151    
   1.81999862       11.6961126    
   1.82999861       11.6985073    
   1.83999860       11.7008848    
   1.84999859       11.7032661    
   1.85999858       11.7056093    
   1.86999857       11.7079630    
   1.87999856       11.7102661    
   1.88999856       11.7125864    
   1.89999855       11.7148590    
   1.90999854       11.7171507    
   1.91999853       11.7194118    
   1.92999852       11.7216883    
   1.93999851       11.7239609    
   1.94999850       11.7262440    
   1.95999849       11.7285500    
   1.96999848       11.7308617    
   1.97999847       11.7332096    
   1.98999846       11.7355595    
   1.99999845       11.7379427    
   2.00999856       11.7403288    
   2.01999855       11.7427273    
   2.02999854       11.7451277    
   2.03999853       11.7475109    
   2.04999852       11.7498951    
   2.05999851       11.7522326    
   2.06999850       11.7545719    
   2.07999849       11.7568417    
   2.08999848       11.7591171    
   2.09999847       11.7613182    
   2.10999846       11.7635279    
   2.11999846       11.7656803    
   2.12999845       11.7678471    
   2.13999844       11.7699890    
   2.14999843       11.7721519    
   2.15999842       11.7743282    
   2.16999841       11.7765312    
   2.17999840       11.7787771    
   2.18999839       11.7810507    
   2.19999838       11.7833796    
   2.20999837       11.7857332    
   2.21999836       11.7881269    
   2.22999835       11.7905397    
   2.23999834       11.7929478    
   2.24999833       11.7953720    
   2.25999832       11.7977304    
   2.26999831       11.8001022    
   2.27999830       11.8023500    
   2.28999829       11.8046103    
   2.29999828       11.8067150    
   2.30999827       11.8088341    
   2.31999826       11.8108006    
   2.32999825       11.8127832    
   2.33999825       11.8146601    
   2.34999824       11.8165550    
   2.35999823       11.8184204    
   2.36999822       11.8203049    
   2.37999821       11.8222427    
   2.38999820       11.8241959    
   2.39999819       11.8262682    
   2.40999818       11.8283491    
   2.41999817       11.8305674    
   2.42999816       11.8327837    
   2.43999815       11.8351021    
   2.44999814       11.8374090    
   2.45999813       11.8397303    
   2.46999812       11.8420353    
   2.47999811       11.8442411    
   2.48999810       11.8464317    
   2.49999809       11.8484201    
   2.50999808       11.8504000    
   2.51999807       11.8521261    
   2.52999806       11.8538513    
   2.53999805       11.8553438    
   2.54999804       11.8568449    
   2.55999804       11.8582096    
   2.56999803       11.8595915    
   2.57999802       11.8609829    
   2.58999801       11.8623905    
   2.59999800       11.8639593    
   2.60999799       11.8655376    
   2.61999798       11.8673830    
   2.62999797       11.8692255    
   2.63999796       11.8713560    
   2.64999795       11.8734694    
   2.65999794       11.8757868    
   2.66999793       11.8780737    
   2.67999792       11.8803988    
   2.68999791       11.8826799    
   2.69999790       11.8847980    
   2.70999789       11.8868694    
   2.71999788       11.8886051    
   2.72999787       11.8902988    
   2.73999786       11.8915720    
   2.74999785       11.8928194    
   2.75999784       11.8936901    
   2.76999784       11.8945522    
   2.77999783       11.8952055    
   2.78999782       11.8958654    
   2.79999781       11.8965626    
   2.80999780       11.8972721    
   2.81999779       11.8982658    
   2.82999778       11.8992643    
   2.83999777       11.9007158    
   2.84999776       11.9021492    
   2.85999775       11.9040604    
   2.86999774       11.9059238    
   2.87999773       11.9081230    
   2.88999772       11.9102478    
   2.89999771       11.9124308    
   2.90999770       11.9145193    
   2.91999769       11.9163408    
   2.92999768       11.9180584    
   2.93999767       11.9192352    
   2.94999766       11.9203205    
   2.95999765       11.9207392    
   2.96999764       11.9210968    
   2.97999763       11.9208689    
   2.98999763       11.9206190    
   2.99999762       11.9200583    
   3.00999761       11.9195185    
   3.01999760       11.9190598    
   3.02999759       11.9186506    
   3.03999758       11.9187164    
   3.04999757       11.9188356    
   3.05999756       11.9196968    
   3.06999755       11.9205942    
   3.07999754       11.9222794    
   3.08999753       11.9239626    
   3.09999752       11.9262276    
   3.10999751       11.9284410    
   3.11999750       11.9308271    
   3.12999749       11.9331093    
   3.13999748       11.9350624    
   3.14999747       11.9368706    
   3.15999746       11.9379063    
   3.16999745       11.9387798    
   3.17999744       11.9386396    
   3.18999743       11.9383535    
   3.19999743       11.9371042    
   3.20999742       11.9357586    
   3.21999741       11.9337893    
   3.22999740       11.9317894    
   3.23999739       11.9296999    
   3.24999738       11.9276419    
   3.25999737       11.9260626    
   3.26999736       11.9245558    
   3.27999735       11.9239607    
   3.28999734       11.9234419    
   3.29999733       11.9239998    
   3.30999732       11.9246035    
   3.31999731       11.9261274    
   3.32999730       11.9276352    
   3.33999729       11.9296150    
   3.34999728       11.9315081    
   3.35999727       11.9332495    
   3.36999726       11.9348412    
   3.37999725       11.9356604    
   3.38999724       11.9362907    
   3.39999723       11.9357185    
   3.40999722       11.9349623    
   3.41999722       11.9329062    
   3.42999721       11.9307146    
   3.43999720       11.9274988    
   3.44999719       11.9242306    
   3.45999718       11.9205132    
   3.46999717       11.9168348    
   3.47999716       11.9134159    
   3.48999715       11.9101019    
   3.49999714       11.9076958    
   3.50999713       11.9054174    
   3.51999712       11.9044485    
   3.52999711       11.9035854    
   3.53999710       11.9040747    
   3.54999709       11.9046097    
   3.55999708       11.9061651    
   3.56999707       11.9076767    
   3.57999706       11.9095736    
   3.58999705       11.9113255    
   3.59999704       11.9126787    
   3.60999703       11.9137974    
   3.61999702       11.9137793    
   3.62999701       11.9134789    
   3.63999701       11.9115496    
   3.64999700       11.9093504    
   3.65999699       11.9054232    
   3.66999698       11.9013004    
   3.67999697       11.8957777    
   3.68999696       11.8901787    
   3.69999695       11.8838482    
   3.70999694       11.8775673    
   3.71999693       11.8713894    
   3.72999692       11.8653612    
   3.73999691       11.8602304    
   3.74999690       11.8552961    
   3.75999689       11.8518457    
   3.76999688       11.8485823    
   3.77999687       11.8470669    
   3.78999686       11.8456860    
   3.79999685       11.8459606    
   3.80999684       11.8462858    
   3.81999683       11.8478413    
   3.82999682       11.8493462    
   3.83999681       11.8514071    
   3.84999681       11.8533144    
   3.85999680       11.8549728    
   3.86999679       11.8563852    
   3.87999678       11.8567781    
   3.88999677       11.8568554    
   3.89999676       11.8553371    
   3.90999675       11.8534784    
   3.91999674       11.8497639    
   3.92999673       11.8457336    
   3.93999672       11.8399611    
   3.94999671       11.8339376    
   3.95999670       11.8266296    
   3.96999669       11.8191414    
   3.97999668       11.8110657    
   3.98999667       11.8028507    
   3.99999666       11.7948380    
   4.00999689       11.7866793    
   4.01999712       11.7794590    
   4.02999735       11.7720346    
   4.03999758       11.7661324    
   4.04999781       11.7599249    
   4.05999804       11.7556267    
   4.06999826       11.7508898    
   4.07999849       11.7482538    
   4.08999872       11.7450352    
   4.09999895       11.7439308    
   4.10999918       11.7421036    
   4.11999941       11.7422619    
   4.12999964       11.7415714    
   4.13999987       11.7426357    
   4.15000010       11.7427406    
   4.16000032       11.7443056    
   4.17000055       11.7448177    
   4.18000078       11.7464714    
   4.19000101       11.7469950    
   4.20000124       11.7483540    
   4.21000147       11.7485266    
   4.22000170       11.7492733    
   4.23000193       11.7488060    
   4.24000216       11.7487135    
   4.25000238       11.7474165    
   4.26000261       11.7463760    
   4.27000284       11.7441797    
   4.28000307       11.7422028    
   4.29000330       11.7391529    
   4.30000353       11.7363644    
   4.31000376       11.7326059    
   4.32000399       11.7292099    
   4.33000422       11.7249575    
   4.34000444       11.7212038    
   4.35000467       11.7167025    
   4.36000490       11.7128468    
   4.37000513       11.7083387    
   4.38000536       11.7046137    
   4.39000559       11.7003107    
   4.40000582       11.6969042    
   4.41000605       11.6929712    
   4.42000628       11.6900177    
   4.43000650       11.6865692    
   4.44000673       11.6841478    
   4.45000696       11.6812515    
   4.46000719       11.6793995    
   4.47000742       11.6770773    
   4.48000765       11.6757936    
   4.49000788       11.6740389    
   4.50000811       11.6733007    
   4.51000834       11.6720839    
   4.52000856       11.6718464    
   4.53000879       11.6711283    
   4.54000902       11.6713428    
   4.55000925       11.6710730    
   4.56000948       11.6716881    
   4.57000971       11.6718168    
   4.58000994       11.6727781    
   4.59001017       11.6732588    
   4.60001040       11.6745195    
   4.61001062       11.6753073    
   4.62001085       11.6768227    
   4.63001108       11.6778755    
   4.64001131       11.6796074    
   4.65001154       11.6808872    
   4.66001177       11.6828022    
   4.67001200       11.6842756    
   4.68001223       11.6863461    
   4.69001245       11.6879873    
   4.70001268       11.6901875    
   4.71001291       11.6919718    
   4.72001314       11.6942797    
   4.73001337       11.6961861    
   4.74001360       11.6985865    
   4.75001383       11.7005959    
   4.76001406       11.7030725    
   4.77001429       11.7051706    
   4.78001451       11.7077122    
   4.79001474       11.7098856    
   4.80001497       11.7124805    
   4.81001520       11.7147198    
   4.82001543       11.7173595    
   4.83001566       11.7196550    
   4.84001589       11.7223320    
   4.85001612       11.7246761    
   4.86001635       11.7273827    
   4.87001657       11.7297688    
   4.88001680       11.7325010    
   4.89001703       11.7349262    
   4.90001726       11.7376766    
   4.91001749       11.7401361    
   4.92001772       11.7429028    
   4.93001795       11.7453918    
   4.94001818       11.7481709    
   4.95001841       11.7506838    
   4.96001863       11.7534761    
   4.97001886       11.7560091    
   4.98001909       11.7588100    
   4.99001932       11.7613602    
   5.00001955       11.7641678    
   5.01001978       11.7667341    
   5.02002001       11.7695475    
   5.03002024       11.7721281    
   5.04002047       11.7749453    
   5.05002069       11.7775383    
   5.06002092       11.7803564    
   5.07002115       11.7829609    
   5.08002138       11.7857819    
   5.09002161       11.7883968    
   5.10002184       11.7912169    
   5.11002207       11.7938395    
   5.12002230       11.7966604    
   5.13002253       11.7992887    
   5.14002275       11.8021107    
   5.15002298       11.8047438    
   5.16002321       11.8075638    
   5.17002344       11.8102026    
   5.18002367       11.8130198    
   5.19002390       11.8156633    
   5.20002413       11.8184767    
   5.21002436       11.8211250    
   5.22002459       11.8239346    
   5.23002481       11.8265867    
   5.24002504       11.8293934    
   5.25002527       11.8320475    
   5.26002550       11.8348513    
   5.27002573       11.8375082    
   5.28002596       11.8403072    
   5.29002619       11.8429661    
   5.30002642       11.8457594    
   5.31002665       11.8484201    
   5.32002687       11.8512077    
   5.33002710       11.8538694    
   5.34002733       11.8566513    
   5.35002756       11.8593168    
   5.36002779       11.8620911    
   5.37002802       11.8647594    
   5.38002825       11.8675241    
   5.39002848       11.8701973    
   5.40002871       11.8729525    
   5.41002893       11.8756285    
   5.42002916       11.8783760    
   5.43002939       11.8810530    
   5.44002962       11.8837929    
   5.45002985       11.8864698    
   5.46003008       11.8892031    
   5.47003031       11.8918800    
   5.48003054       11.8946047    
   5.49003077       11.8972807    
   5.50003099       11.9000006    
   5.51003122       11.9026756    
   5.52003145       11.9053888    
   5.53003168       11.9080620    
   5.54003191       11.9107704    
   5.55003214       11.9134436    
   5.56003237       11.9161444    
   5.57003260       11.9188166    
   5.58003283       11.9215088    
   5.59003305       11.9241791    
   5.60003328       11.9268637    
   5.61003351       11.9295321    
   5.62003374       11.9322090    
   5.63003397       11.9348755    
   5.64003420       11.9375467    
   5.65003443       11.9402094    
   5.66003466       11.9428730    
   5.67003489       11.9455328    
   5.68003511       11.9481907    
   5.69003534       11.9508467    
   5.70003557       11.9534988    
   5.71003580       11.9561501    
   5.72003603       11.9587955    
   5.73003626       11.9614429    
   5.74003649       11.9640808    
   5.75003672       11.9667244    
   5.76003695       11.9693556    
   5.77003717       11.9719944    
   5.78003740       11.9746199    
   5.79003763       11.9772539    
   5.80003786       11.9798717    
   5.81003809       11.9825029    
   5.82003832       11.9851112    
   5.83003855       11.9877415    
   5.84003878       11.9903402    
   5.85003901       11.9929676    
   5.86003923       11.9955587    
   5.87003946       11.9981823    
   5.88003969       12.0007639    
   5.89003992       12.0033827    
   5.90004015       12.0059566    
   5.91004038       12.0085726    
   5.92004061       12.0111351    
   5.93004084       12.0137482    
   5.94004107       12.0163002    
   5.95004129       12.0189104    
   5.96004152       12.0214520    
   5.97004175       12.0240593    
   5.98004198       12.0265913    
   5.99004221       12.0291948    
   6.00004244       12.0317163    
   6.01004267       12.0343151    
   6.02004290       12.0368242    
   6.03004313       12.0394192    
   6.04004335       12.0419159    
   6.05004358       12.0445080    
   6.06004381       12.0469942    
   6.07004404       12.0495815    
   6.08004427       12.0520573    
   6.09004450       12.0546389    
   6.10004473       12.0571032    
   6.11004496       12.0596800    
   6.12004519       12.0621338    
   6.13004541       12.0647030    
   6.14004564       12.0671482    
   6.15004587       12.0697107    
   6.16004610       12.0721436    
   6.17004633       12.0747023    
   6.18004656       12.0771217    
   6.19004679       12.0796747    
   6.20004702       12.0820827    
   6.21004725       12.0846300    
   6.22004747       12.0870266    
   6.23004770       12.0895662    
   6.24004793       12.0919495    
   6.25004816       12.0944834    
   6.26004839       12.0968561    
   6.27004862       12.0993814    
   6.28004885       12.1017408    
   6.29004908       12.1042595    
   6.30004930       12.1066055    
   6.31004953       12.1091156    
   6.32004976       12.1114483    
   6.33004999       12.1139498    
   6.34005022       12.1162720    
   6.35005045       12.1187630    
   6.36005068       12.1210737    
   6.37005091       12.1235514    
   6.38005114       12.1258507    
   6.39005136       12.1283188    
   6.40005159       12.1306057    
   6.41005182       12.1330633    
   6.42005205       12.1353350    
   6.43005228       12.1377840    
   6.44005251       12.1400423    
   6.45005274       12.1424799    
   6.46005297       12.1447239    
   6.47005320       12.1471510    
   6.48005342       12.1493807    
   6.49005365       12.1517963    
   6.50005388       12.1540098    
   6.51005411       12.1564150    
   6.52005434       12.1586132    
   6.53005457       12.1610050    
   6.54005480       12.1631908    
   6.55005503       12.1655693    
   6.56005526       12.1677408    
   6.57005548       12.1701069    
   6.58005571       12.1722603    
   6.59005594       12.1746159    
   6.60005617       12.1767530    
   6.61005640       12.1790962    
   6.62005663       12.1812172    
   6.63005686       12.1835461    
   6.64005709       12.1856508    
   6.65005732       12.1879654    
   6.66005754       12.1900530    
   6.67005777       12.1923561    
   6.68005800       12.1944256    
   6.69005823       12.1967154    
   6.70005846       12.1987648    
   6.71005869       12.2010422    
   6.72005892       12.2030735    
   6.73005915       12.2053385    
   6.74005938       12.2073507    
   6.75005960       12.2096014    
   6.76005983       12.2115965    
   6.77006006       12.2138309    
   6.78006029       12.2158079    
   6.79006052       12.2180262    
   6.80006075       12.2199821    
   6.81006098       12.2221870    
   6.82006121       12.2241230    
   6.83006144       12.2263145    
   6.84006166       12.2282276    
   6.85006189       12.2304068    
   6.86006212       12.2322989    
   6.87006235       12.2344618    
   6.88006258       12.2363329    
   6.89006281       12.2384806    
   6.90006304       12.2403326    
   6.91006327       12.2424612    
   6.92006350       12.2442942    
   6.93006372       12.2464056    
   6.94006395       12.2482185    
   6.95006418       12.2503119    
   6.96006441       12.2521048    
   6.97006464       12.2541809    
   6.98006487       12.2559519    
   6.99006510       12.2580128    
   7.00006533       12.2597618    
   7.01006556       12.2618065    
   7.02006578       12.2635355    
   7.03006601       12.2655640    
   7.04006624       12.2672701    
   7.05006647       12.2692814    
   7.06006670       12.2709665    
   7.07006693       12.2729597    
   7.08006716       12.2746258    
   7.09006739       12.2765980    
   7.10006762       12.2782440    
   7.11006784       12.2801981    
   7.12006807       12.2818222    
   7.13006830       12.2837572    
   7.14006853       12.2853613    
   7.15006876       12.2872772    
   7.16006899       12.2888632    
   7.17006922       12.2907572    
   7.18006945       12.2923260    
   7.19006968       12.2941999    
   7.20006990       12.2957487    
   7.21007013       12.2976046    
   7.22007036       12.2991323    
   7.23007059       12.3009691    
   7.24007082       12.3024750    
   7.25007105       12.3042936    
   7.26007128       12.3057775    
   7.27007151       12.3075800    
   7.28007174       12.3090410    
   7.29007196       12.3108273    
   7.30007219       12.3122654    
   7.31007242       12.3140345    
   7.32007265       12.3154497    
   7.33007288       12.3172007    
   7.34007311       12.3185949    
   7.35007334       12.3203268    
   7.36007357       12.3217001    
   7.37007380       12.3234148    
   7.38007402       12.3247652    
   7.39007425       12.3264627    
   7.40007448       12.3277903    
   7.41007471       12.3294697    
   7.42007494       12.3307772    
   7.43007517       12.3324366    
   7.44007540       12.3337250    
   7.45007563       12.3353624    
   7.46007586       12.3366308    
   7.47007608       12.3382492    
   7.48007631       12.3394947    
   7.49007654       12.3410931    
   7.50007677       12.3423176    
   7.51007700       12.3438940    
   7.52007723       12.3450956    
   7.53007746       12.3466492    
   7.54007769       12.3478279    
   7.55007792       12.3493595    
   7.56007814       12.3505154    
   7.57007837       12.3520222    
   7.58007860       12.3531570    
   7.59007883       12.3546352    
   7.60007906       12.3557482    
   7.61007929       12.3571968    
   7.62007952       12.3582897    
   7.63007975       12.3597059    
   7.64007998       12.3607759    
   7.65008020       12.3621588    
   7.66008043       12.3632021    
   7.67008066       12.3645515    
   7.68008089       12.3655653    
   7.69008112       12.3668804    
   7.70008135       12.3678617    
   7.71008158       12.3691378    
   7.72008181       12.3700848    
   7.73008204       12.3713198    
   7.74008226       12.3722286    
   7.75008249       12.3734169    
   7.76008272       12.3742847    
   7.77008295       12.3754215    
   7.78008318       12.3762417    
   7.79008341       12.3773222    
   7.80008364       12.3780899    
   7.81008387       12.3791094    
   7.82008410       12.3798151    
   7.83008432       12.3807659    
   7.84008455       12.3814049    
   7.85008478       12.3822803    
   7.86008501       12.3828449    
   7.87008524       12.3836374    
   7.88008547       12.3841190    
   7.89008570       12.3848181    
   7.90008593       12.3852072    
   7.91008615       12.3858051    
   7.92008638       12.3860903    
   7.93008661       12.3865757    
   7.94008684       12.3867474    
   7.95008707       12.3871107    
   7.96008730       12.3871574    
   7.97008753       12.3873863    
   7.98008776       12.3873014    
   7.99008799       12.3873816    
   8.00008774       12.3871574    
   8.01008797       12.3870764    
   8.02008820       12.3867006    
   8.03008842       12.3864527    
   8.04008865       12.3859148    
   8.05008888       12.3854895    
   8.06008911       12.3847818    
   8.07008934       12.3841715    
   8.08008957       12.3832874    
   8.09008980       12.3824854    
   8.10009003       12.3814192    
   8.11009026       12.3804226    
   8.12009048       12.3791676    
   8.13009071       12.3779745    
   8.14009094       12.3765306    
   8.15009117       12.3751383    
   8.16009140       12.3735085    
   8.17009163       12.3719206    
   8.18009186       12.3701038    
   8.19009209       12.3683243    
   8.20009232       12.3663263    
   8.21009254       12.3643599    
   8.22009277       12.3621864    
   8.23009300       12.3600397    
   8.24009323       12.3577003    
   8.25009346       12.3553867    
   8.26009369       12.3528872    
   8.27009392       12.3504133    
   8.28009415       12.3477669    
   8.29009438       12.3451433    
   8.30009460       12.3423615    
   8.31009483       12.3396006    
   8.32009506       12.3366928    
   8.33009529       12.3338079    
   8.34009552       12.3307838    
   8.35009575       12.3277874    
   8.36009598       12.3246584    
   8.37009621       12.3215618    
   8.38009644       12.3183393    
   8.39009666       12.3151522    
   8.40009689       12.3118448    
   8.41009712       12.3085804    
   8.42009735       12.3051958    
   8.43009758       12.3018646    
   8.44009781       12.2984123    
   8.45009804       12.2950211    
   8.46009827       12.2915096    
   8.47009850       12.2880669    
   8.48009872       12.2845030    
   8.49009895       12.2810135    
   8.50009918       12.2774057    
   8.51009941       12.2738771    
   8.52009964       12.2702312    
   8.53009987       12.2666674    
   8.54010010       12.2629900    
   8.55010033       12.2593927    
   8.56010056       12.2556887    
   8.57010078       12.2520638    
   8.58010101       12.2483349    
   8.59010124       12.2446890    
   8.60010147       12.2409363    
   8.61010170       12.2372732    
   8.62010193       12.2335014    
   8.63010216       12.2298222    
   8.64010239       12.2260361    
   8.65010262       12.2223406    
   8.66010284       12.2185421    
   8.67010307       12.2148333    
   8.68010330       12.2110233    
   8.69010353       12.2073011    
   8.70010376       12.2034855    
   8.71010399       12.1997509    
   8.72010422       12.1959286    
   8.73010445       12.1921844    
   8.74010468       12.1883564    
   8.75010490       12.1846066    
   8.76010513       12.1807718    
   8.77010536       12.1770144    
   8.78010559       12.1731749    
   8.79010582       12.1694145    
   8.80010605       12.1655703    
   8.81010628       12.1618052    
   8.82010651       12.1579599    
   8.83010674       12.1541891    
   8.84010696       12.1503420    
   8.85010719       12.1465673    
   8.86010742       12.1427221    
   8.87010765       12.1389427    
   8.88010788       12.1351004    
   8.89010811       12.1313152    
   8.90010834       12.1274757    
   8.91010857       12.1236858    
   8.92010880       12.1198511    
   8.93010902       12.1160574    
   8.94010925       12.1122227    
   8.95010948       12.1084280    
   8.96010971       12.1045942    
   8.97010994       12.1007996    
   8.98011017       12.0969677    
   8.99011040       12.0931740    
   9.00011063       12.0893421    
   9.01011086       12.0855474    
   9.02011108       12.0817194    
   9.03011131       12.0779238    
   9.04011154       12.0741014    
   9.05011177       12.0703030    
   9.06011200       12.0664873    
   9.07011223       12.0626869    
   9.08011246       12.0588770    
   9.09011269       12.0550756    
   9.10011292       12.0512714    
   9.11011314       12.0474672    
   9.12011337       12.0436697    
   9.13011360       12.0398636    
   9.14011383       12.0360737    
   9.15011406       12.0322638    
   9.16011429       12.0284805    
   9.17011452       12.0246706    
   9.18011475       12.0208921    
   9.19011497       12.0170832    
   9.20011520       12.0133066    
   9.21011543       12.0094995    
   9.22011566       12.0057278    
   9.23011589       12.0019226    
   9.24011612       11.9981537    
   9.25011635       11.9943504    
   9.26011658       11.9905853    
   9.27011681       11.9867859    
   9.28011703       11.9830246    
   9.29011726       11.9792290    
   9.30011749       11.9754705    
   9.31011772       11.9716787    
   9.32011795       11.9679251    
   9.33011818       11.9641352    
   9.34011841       11.9603882    
   9.35011864       11.9565992    
   9.36011887       11.9528580    
   9.37011909       11.9490728    
   9.38011932       11.9453363    
   9.39011955       11.9415550    
   9.40011978       11.9378233    
   9.41012001       11.9340458    
   9.42012024       11.9303198    
   9.43012047       11.9265451    
   9.44012070       11.9228268    
   9.45012093       11.9190559    
   9.46012115       11.9153452    
   9.47012138       11.9115791    
   9.48012161       11.9078760    
   9.49012184       11.9041147    
   9.50012207       11.9004221    
   9.51012230       11.8966637    
   9.52012253       11.8929834    
   9.53012276       11.8892307    
   9.54012299       11.8855629    
   9.55012321       11.8818150    
   9.56012344       11.8781586    
   9.57012367       11.8744192    
   9.58012390       11.8707752    
   9.59012413       11.8670454    
   9.60012436       11.8634176    
   9.61012459       11.8596964    
   9.62012482       11.8560848    
   9.63012505       11.8523750    
   9.64012527       11.8487797    
   9.65012550       11.8450823    
   9.66012573       11.8415060    
   9.67012596       11.8378220    
   9.68012619       11.8342676    
   9.69012642       11.8305969    
   9.70012665       11.8270655    
   9.71012688       11.8234129    
   9.72012711       11.8199072    
   9.73012733       11.8162718    
   9.74012756       11.8127937    
   9.75012779       11.8091812    
   9.76012802       11.8057299    
   9.77012825       11.8021431    
   9.78012848       11.7987223    
   9.79012871       11.7951622    
   9.80012894       11.7917747    
   9.81012917       11.7882471    
   9.82012939       11.7848959    
   9.83012962       11.7814016    
   9.84012985       11.7780895    
   9.85013008       11.7746325    
   9.86013031       11.7713614    
   9.87013054       11.7679453    
   9.88013077       11.7647209    
   9.89013100       11.7613497    
   9.90013123       11.7581730    
   9.91013145       11.7548523    
   9.92013168       11.7517300    
   9.93013191       11.7484636    
   9.94013214       11.7453995    
   9.95013237       11.7421913    
   9.96013260       11.7391911    
   9.97013283       11.7360468    
   9.98013306       11.7331152    
   9.99013329       11.7300386    
   10.0001335       11.7271833    
   10.0101337       11.7241802    
   10.0201340       11.7214050    
   10.0301342       11.7184830    
   10.0401344       11.7157965    
   10.0501347       11.7129593    
   10.0601349       11.7103653    
   10.0701351       11.7076206    
   10.0801353       11.7051249    
   10.0901356       11.7024794    
   10.1001358       11.7000875    
   10.1101360       11.6975498    
   10.1201363       11.6952686    
   10.1301365       11.6928444    
   10.1401367       11.6906786    
   10.1501369       11.6883755    
   10.1601372       11.6863298    
   10.1701374       11.6841555    
   10.1801376       11.6822338    
   10.1901379       11.6801920    
   10.2001381       11.6784010    
   10.2101383       11.6764994    
   10.2201385       11.6748466    
   10.2301388       11.6730871    
   10.2401390       11.6715775    
   10.2501392       11.6699610    
   10.2601395       11.6686001    
   10.2701397       11.6671276    
   10.2801399       11.6659155    
   10.2901402       11.6645880    
   10.3001404       11.6635265    
   10.3101406       11.6623468    
   10.3201408       11.6614342    
   10.3301411       11.6603994    
   10.3401413       11.6596327    
   10.3501415       11.6587381    
   10.3601418       11.6581125    
   10.3701420       11.6573544    
   10.3801422       11.6568632    
   10.3901424       11.6562319    
   10.4001427       11.6558695    
   10.4101429       11.6553535    
   10.4201431       11.6551085    
   10.4301434       11.6546974    
   10.4401436       11.6545591    
   10.4501438       11.6542425    
   10.4601440       11.6541986    
   10.4701443       11.6539621    
   10.4801445       11.6540022    
   10.4901447       11.6538353    
   10.5001450       11.6539431    
   10.5101452       11.6538334    
   10.5201454       11.6539974    
   10.5301456       11.6539316    
   10.5401459       11.6541414    
   10.5501461       11.6541090    
   10.5601463       11.6543541    
   10.5701466       11.6543465    
   10.5801468       11.6546192    
   10.5901470       11.6546307    
   10.6001472       11.6549244    
   10.6101475       11.6549501    
   10.6201477       11.6552620    
   10.6301479       11.6552963    
   10.6401482       11.6556244    
   10.6501484       11.6556654    
   10.6601486       11.6560087    
   10.6701488       11.6560583    
   10.6801491       11.6564140    
   10.6901493       11.6564760    
   10.7001495       11.6568441    
   10.7101498       11.6569195    
   10.7201500       11.6573019    
   10.7301502       11.6573935    
   10.7401505       11.6577911    
   10.7501507       11.6579018    
   10.7601509       11.6583138    
   10.7701511       11.6584444    
   10.7801514       11.6588736    
   10.7901516       11.6590214    
   10.8001518       11.6594715    
   10.8101521       11.6596327    
   10.8201523       11.6601048    
   10.8301525       11.6602783    
   10.8401527       11.6607714    
   10.8501530       11.6609583    
   10.8601532       11.6614714    
   10.8701534       11.6616697    
   10.8801537       11.6622000    
   10.8901539       11.6624079    
   10.9001541       11.6629543    
   10.9101543       11.6631737    
   10.9201546       11.6637316    
   10.9301548       11.6639643    
   10.9401550       11.6645327    
   10.9501553       11.6647768    
   10.9601555       11.6653547    
   10.9701557       11.6656122    
   10.9801559       11.6662006    
   10.9901562       11.6664705    
   11.0001564       11.6670694    
   11.0101566       11.6673508    
   11.0201569       11.6679630    
   11.0301571       11.6682558    
   11.0401573       11.6688795    
   11.0501575       11.6691837    
   11.0601578       11.6698227    
   11.0701580       11.6701374    
   11.0801582       11.6707897    
   11.0901585       11.6711168    
   11.1001587       11.6717806    
   11.1101589       11.6721201    
   11.1201591       11.6727962    
   11.1301594       11.6731482    
   11.1401596       11.6738319    
   11.1501598       11.6741972    
   11.1601601       11.6748886    
   11.1701603       11.6752682    
   11.1801605       11.6759682    
   11.1901608       11.6763630    
   11.2001610       11.6770697    
   11.2101612       11.6774797    
   11.2201614       11.6781940    
   11.2301617       11.6786175    
   11.2401619       11.6793404    
   11.2501621       11.6797762    
   11.2601624       11.6805086    
   11.2701626       11.6809559    
   11.2801628       11.6816988    
   11.2901630       11.6821575    
   11.3001633       11.6829090    
   11.3101635       11.6833830    
   11.3201637       11.6841412    
   11.3301640       11.6846294    
   11.3401642       11.6853971    
   11.3501644       11.6858978    
   11.3601646       11.6866770    
   11.3701649       11.6871901    
   11.3801651       11.6879778    
   11.3901653       11.6885042    
   11.4001656       11.6893015    
   11.4101658       11.6898394    
   11.4201660       11.6906452    
   11.4301662       11.6911964    
   11.4401665       11.6920090    
   11.4501667       11.6925735    
   11.4601669       11.6933956    
   11.4701672       11.6939716    
   11.4801674       11.6948032    
   11.4901676       11.6953907    
   11.5001678       11.6962318    
   11.5101681       11.6968317    
   11.5201683       11.6976824    
   11.5301685       11.6982965    
   11.5401688       11.6991568    
   11.5501690       11.6997833    
   11.5601692       11.7006531    
   11.5701694       11.7012901    
   11.5801697       11.7021713    
   11.5901699       11.7028217    
   11.6001701       11.7037125    
   11.6101704       11.7043753    
   11.6201706       11.7052765    
   11.6301708       11.7059488    
   11.6401711       11.7068634    
   11.6501713       11.7075462    
   11.6601715       11.7084723    
   11.6701717       11.7091665    
   11.6801720       11.7101011    
   11.6901722       11.7108068    
   11.7001724       11.7117519    
   11.7101727       11.7124691    
   11.7201729       11.7134247    
   11.7301731       11.7141533    
   11.7401733       11.7151184    
   11.7501736       11.7158613    
   11.7601738       11.7168350    
   11.7701740       11.7175894    
   11.7801743       11.7185736    
   11.7901745       11.7193422    
   11.8001747       11.7203360    
   11.8101749       11.7211180    
   11.8201752       11.7221212    
   11.8301754       11.7229166    
   11.8401756       11.7239285    
   11.8501759       11.7247381    
   11.8601761       11.7257586    
   11.8701763       11.7265816    
   11.8801765       11.7276134    
   11.8901768       11.7284489    
   11.9001770       11.7294893    
   11.9101772       11.7303381    
   11.9201775       11.7313871    
   11.9301777       11.7322502    
   11.9401779       11.7333078    
   11.9501781       11.7341843    
   11.9601784       11.7352495    
   11.9701786       11.7361403    
   11.9801788       11.7372141    
   11.9901791       11.7381182    
   12.0001793       11.7392006    
   12.0101795       11.7401199    
   12.0201797       11.7412138    
   12.0301800       11.7421446    
   12.0401802       11.7432489    
   12.0501804       11.7441921    
   12.0601807       11.7453079    
   12.0701809       11.7462635    
   12.0801811       11.7473898    
   12.0901814       11.7483568    
   12.1001816       11.7494936    
   12.1101818       11.7504730    
   12.1201820       11.7516184    
   12.1301823       11.7526121    
   12.1401825       11.7537670    
   12.1501827       11.7547741    
   12.1601830       11.7559395    
   12.1701832       11.7569599    
   12.1801834       11.7581348    
   12.1901836       11.7591696    
   12.2001839       11.7603550    
   12.2101841       11.7614021    
   12.2201843       11.7625971    
   12.2301846       11.7636585    
   12.2401848       11.7648621    
   12.2501850       11.7659378    
   12.2601852       11.7671499    
   12.2701855       11.7682400    
   12.2801857       11.7694588    
   12.2901859       11.7705641    
   12.3001862       11.7717905    
   12.3101864       11.7729111    
   12.3201866       11.7741470    
   12.3301868       11.7752800    
   12.3401871       11.7765265    
   12.3501873       11.7776709    
   12.3601875       11.7789288    
   12.3701878       11.7800846    
   12.3801880       11.7813540    
   12.3901882       11.7825203    
   12.4001884       11.7838039    
   12.4101887       11.7849798    
   12.4201889       11.7862759    
   12.4301891       11.7874632    
   12.4401894       11.7887697    
   12.4501896       11.7899694    
   12.4601898       11.7912884    
   12.4701900       11.7925014    
   12.4801903       11.7938290    
   12.4901905       11.7950563    
   12.5001907       11.7963934    
   12.5101910       11.7976332    
   12.5201912       11.7989817    
   12.5301914       11.8002319    
   12.5401917       11.8015919    
   12.5501919       11.8028555    
   12.5601921       11.8042259    
   12.5701923       11.8055019    
   12.5801926       11.8068829    
   12.5901928       11.8081732    
   12.6001930       11.8095627    
   12.6101933       11.8108673    
   12.6201935       11.8122644    
   12.6301937       11.8135843    
   12.6401939       11.8149881    
   12.6501942       11.8163242    
   12.6601944       11.8177357    
   12.6701946       11.8190870    
   12.6801949       11.8205051    
   12.6901951       11.8218746    
   12.7001953       11.8232994    
   12.7101955       11.8246841    
   12.7201958       11.8261175    
   12.7301960       11.8275156    
   12.7401962       11.8289595    
   12.7501965       11.8303680    
   12.7601967       11.8318233    
   12.7701969       11.8332434    
   12.7801971       11.8347101    
   12.7901974       11.8361416    
   12.8001976       11.8376207    
   12.8101978       11.8390608    
   12.8201981       11.8405542    
   12.8301983       11.8420048    
   12.8401985       11.8435106    
   12.8501987       11.8449717    
   12.8601990       11.8464880    
   12.8701992       11.8479605    
   12.8801994       11.8494873    
   12.8901997       11.8509722    
   12.9001999       11.8525085    
   12.9102001       11.8540049    
   12.9202003       11.8555536    
   12.9302006       11.8570614    
   12.9402008       11.8586226    
   12.9502010       11.8601398    
   12.9602013       11.8617134    
   12.9702015       11.8632441    
   12.9802017       11.8648281    
   12.9902020       11.8663702    
   13.0002022       11.8679647    
   13.0102024       11.8695192    
   13.0202026       11.8711243    
   13.0302029       11.8726902    
   13.0402031       11.8743048    
   13.0502033       11.8758821    
   13.0602036       11.8775072    
   13.0702038       11.8790979    
   13.0802040       11.8807306    
   13.0902042       11.8823338    
   13.1002045       11.8839750    
   13.1102047       11.8855925    
   13.1202049       11.8872404    
   13.1302052       11.8888721    
   13.1402054       11.8905287    
   13.1502056       11.8921728    
   13.1602058       11.8938408    
   13.1702061       11.8954954    
   13.1802063       11.8971748    
   13.1902065       11.8988400    
   13.2002068       11.9005318    
   13.2102070       11.9022055    
   13.2202072       11.9039097    
   13.2302074       11.9055929    
   13.2402077       11.9073067    
   13.2502079       11.9090052    
   13.2602081       11.9107265    
   13.2702084       11.9124403    
   13.2802086       11.9141684    
   13.2902088       11.9158955    
   13.3002090       11.9176311    
   13.3102093       11.9193716    
   13.3202095       11.9211159    
   13.3302097       11.9228668    
   13.3402100       11.9246216    
   13.3502102       11.9263830    
   13.3602104       11.9281483    
   13.3702106       11.9299221    
   13.3802109       11.9316950    
   13.3902111       11.9334812    
   13.4002113       11.9352627    
   13.4102116       11.9370604    
   13.4202118       11.9388523    
   13.4302120       11.9406605    
   13.4402122       11.9424601    
   13.4502125       11.9442816    
   13.4602127       11.9460897    
   13.4702129       11.9479237    
   13.4802132       11.9497404    
   13.4902134       11.9515839    
   13.5002136       11.9534111    
   13.5102139       11.9552631    
   13.5202141       11.9571009    
   13.5302143       11.9589643    
   13.5402145       11.9608097    
   13.5502148       11.9626865    
   13.5602150       11.9645376    
   13.5702152       11.9664297    
   13.5802155       11.9682875    
   13.5902157       11.9701910    
   13.6002159       11.9720564    
   13.6102161       11.9739723    
   13.6202164       11.9758453    
   13.6302166       11.9777746    
   13.6402168       11.9796534    
   13.6502171       11.9815931    
   13.6602173       11.9834814    
   13.6702175       11.9854326    
   13.6802177       11.9873285    
   13.6902180       11.9892912    
   13.7002182       11.9911957    
   13.7102184       11.9931679    
   13.7202187       11.9950809    
   13.7302189       11.9970646    
   13.7402191       11.9989862    
   13.7502193       12.0009804    
   13.7602196       12.0029097    
   13.7702198       12.0049124    
   13.7802200       12.0068493    
   13.7902203       12.0088625    
   13.8002205       12.0108070    
   13.8102207       12.0128288    
   13.8202209       12.0147810    
   13.8302212       12.0168142    
   13.8402214       12.0187731    
   13.8502216       12.0208158    
   13.8602219       12.0227833    
   13.8702221       12.0248384    
   13.8802223       12.0268087    
   13.8902225       12.0288773    
   13.9002228       12.0308514    
   13.9102230       12.0329304    
   13.9202232       12.0349112    
   13.9302235       12.0369997    
   13.9402237       12.0389862    
   13.9502239       12.0410852    
   13.9602242       12.0430765    
   13.9702244       12.0451860    
   13.9802246       12.0471830    
   13.9902248       12.0493021    
   14.0002251       12.0513039    
   14.0102253       12.0534325    
   14.0202255       12.0554380    
   14.0302258       12.0575743    
   14.0402260       12.0595846    
   14.0502262       12.0617275    
   14.0602264       12.0637445    
   14.0702267       12.0658941    
   14.0802269       12.0679150    
   14.0902271       12.0700731    
   14.1002274       12.0720959    
   14.1102276       12.0742636    
   14.1202278       12.0762892    
   14.1302280       12.0784645    
   14.1402283       12.0804920    
   14.1502285       12.0826750    
   14.1602287       12.0847054    
   14.1702290       12.0868940    
   14.1802292       12.0889301    
   14.1902294       12.0911226    
   14.2002296       12.0931616    
   14.2102299       12.0953579    
   14.2202301       12.0973988    
   14.2302303       12.0995989    
   14.2402306       12.1016426    
   14.2502308       12.1038465    
   14.2602310       12.1058874    
   14.2702312       12.1080961    
   14.2802315       12.1101341    
   14.2902317       12.1123447    
   14.3002319       12.1143799    
   14.3102322       12.1165915    
   14.3202324       12.1186228    
   14.3302326       12.1208353    
   14.3402328       12.1228619    
   14.3502331       12.1250734    
   14.3602333       12.1270914    
   14.3702335       12.1293039    
   14.3802338       12.1313124    
   14.3902340       12.1335220    
   14.4002342       12.1355209    
   14.4102345       12.1377220    
   14.4202347       12.1397104    
   14.4302349       12.1419039    
   14.4402351       12.1438770    
   14.4502354       12.1460609    
   14.4602356       12.1480169    
   14.4702358       12.1501884    
   14.4802361       12.1521225    
   14.4902363       12.1542788    
   14.5002365       12.1561890    
   14.5102367       12.1583271    
   14.5202370       12.1602058    
   14.5302372       12.1623220    
   14.5402374       12.1641674    
   14.5502377       12.1662540    
   14.5602379       12.1680613    
   14.5702381       12.1701126    
   14.5802383       12.1718750    
   14.5902386       12.1738863    
   14.6002388       12.1755962    
   14.6102390       12.1775599    
   14.6202393       12.1792107    
   14.6302395       12.1811171    
   14.6402397       12.1827002    
   14.6502399       12.1845388    
   14.6602402       12.1860409    
   14.6702404       12.1878052    
   14.6802406       12.1892138    
   14.6902409       12.1908932    
   14.7002411       12.1921930    
   14.7102413       12.1937752    
   14.7202415       12.1949520    
   14.7302418       12.1964216    
   14.7402420       12.1974592    
   14.7502422       12.1987991    
   14.7602425       12.1996784    
   14.7702427       12.2008743    
   14.7802429       12.2015781    
   14.7902431       12.2026110    
   14.8002434       12.2031193    
   14.8102436       12.2039680    
   14.8202438       12.2042637    
   14.8302441       12.2049084    
   14.8402443       12.2049675    
   14.8502445       12.2053909    
   14.8602448       12.2051916    
   14.8702450       12.2053747    
   14.8802452       12.2048950    
   14.8902454       12.2048206    
   14.9002457       12.2040405    
   14.9102459       12.2036905    
   14.9202461       12.2025957    
   14.9302464       12.2019558    
   14.9402466       12.2005320    
   14.9502468       12.1995878    
   14.9602470       12.1978254    
   14.9702473       12.1965666    
   14.9802475       12.1944590    
   14.9902477       12.1928778    
   15.0002480       12.1904211    
   15.0102482       12.1885195    
   15.0202484       12.1857138    
   15.0302486       12.1834927    
   15.0402489       12.1803474    
   15.0502491       12.1778135    
   15.0602493       12.1743393    
   15.0702496       12.1715012    
   15.0802498       12.1677141    
   15.0902500       12.1645889    
   15.1002502       12.1605072    
   15.1102505       12.1571131    
   15.1202507       12.1527615    
   15.1302509       12.1491194    
   15.1402512       12.1445246    
   15.1502514       12.1406593    
   15.1602516       12.1358519    
   15.1702518       12.1317902    
   15.1802521       12.1268034    
   15.1902523       12.1225758    
   15.2002525       12.1174431    
   15.2102528       12.1130800    
   15.2202530       12.1078386    
   15.2302532       12.1033716    
   15.2402534       12.0980577    
   15.2502537       12.0935211    
   15.2602539       12.0881720    
   15.2702541       12.0835991    
   15.2802544       12.0782557    
   15.2902546       12.0736780    
   15.3002548       12.0683804    
   15.3102551       12.0638323    
   15.3202553       12.0586176    
   15.3302555       12.0541315    
   15.3402557       12.0490370    
   15.3502560       12.0446463    
   15.3602562       12.0397091    
   15.3702564       12.0354414    
   15.3802567       12.0306997    
   15.3902569       12.0265818    
   15.4002571       12.0220690    
   15.4102573       12.0181303    
   15.4202576       12.0138788    
   15.4302578       12.0101433    
   15.4402580       12.0061836    
   15.4502583       12.0026751    
   15.4602585       11.9990358    
   15.4702587       11.9957733    
   15.4802589       11.9924831    
   15.4902592       11.9894867    
   15.5002594       11.9865627    
   15.5102596       11.9838552    
   15.5202599       11.9813128    
   15.5302601       11.9789133    
   15.5402603       11.9767666    
   15.5502605       11.9746971    
   15.5602608       11.9729586    
   15.5702610       11.9712381    
   15.5802612       11.9699173    
   15.5902615       11.9685640    
   15.6002617       11.9676704    
   15.6102619       11.9667044    
   15.6202621       11.9662390    
   15.6302624       11.9656773    
   15.6402626       11.9656343    
   15.6502628       11.9654903    
   15.6602631       11.9658546    
   15.6702633       11.9661331    
   15.6802635       11.9668741    
   15.6902637       11.9675655    
   15.7002640       11.9686337    
   15.7102642       11.9697027    
   15.7202644       11.9710302    
   15.7302647       11.9724140    
   15.7402649       11.9739075    
   15.7502651       11.9755125    
   15.7602654       11.9770594    
   15.7702656       11.9787607    
   15.7802658       11.9802351    
   15.7902660       11.9818888    
   15.8002663       11.9831629    
   15.8102665       11.9846191    
   15.8202667       11.9855843    
   15.8302670       11.9867086    
   15.8402672       11.9872952    
   15.8502674       11.9879961    
   15.8602676       11.9881878    
   15.8702679       11.9884367    
   15.8802681       11.9882870    
   15.8902683       11.9881315    
   15.9002686       11.9877596    
   15.9102688       11.9873247    
   15.9202690       11.9869032    
   15.9302692       11.9863844    
   15.9402695       11.9861183    
   15.9502697       11.9857464    
   15.9602699       11.9858370    
   15.9702702       11.9858465    
   15.9802704       11.9864645    
   15.9902706       11.9870453    
   16.0002708       11.9882898    
   16.0102711       11.9895573    
   16.0202713       11.9914312    
   16.0302715       11.9933910    
   16.0402718       11.9957924    
   16.0502720       11.9983234    
   16.0602722       12.0010490    
   16.0702724       12.0039234    
   16.0802727       12.0067024    
   16.0902729       12.0096149    
   16.1002731       12.0121574    
   16.1102734       12.0147915    
   16.1202736       12.0168552    
   16.1302738       12.0189533    
   16.1402740       12.0203981    
   16.1502743       12.0218182    
   16.1602745       12.0226488    
   16.1702747       12.0234079    
   16.1802750       12.0237684    
   16.1902752       12.0240412    
   16.2002754       12.0241957    
   16.2102757       12.0242720    
   16.2202759       12.0245352    
   16.2302761       12.0247555    
   16.2402763       12.0254202    
   16.2502766       12.0261002    
   16.2602768       12.0273752    
   16.2702770       12.0287266    
   16.2802773       12.0306902    
   16.2902775       12.0327768    
   16.3002777       12.0353546    
   16.3102779       12.0380754    
   16.3202782       12.0410557    
   16.3302784       12.0441656    
   16.3402786       12.0472460    
   16.3502789       12.0504189    
   16.3602791       12.0532799    
   16.3702793       12.0561790    
   16.3802795       12.0585613    
   16.3902798       12.0609255    
   16.4002800       12.0626965    
   16.4102802       12.0644064    
   16.4202805       12.0655890    
   16.4302807       12.0666895    
   16.4402809       12.0674543    
   16.4502811       12.0681448    
   16.4602814       12.0687647    
   16.4702816       12.0693378    
   16.4802818       12.0701113    
   16.4902821       12.0708838    
   16.5002823       12.0720692    
   16.5102825       12.0733032    
   16.5202827       12.0750551    
   16.5302830       12.0768967    
   16.5402832       12.0792370    
   16.5502834       12.0816879    
   16.5602837       12.0845032    
   16.5702839       12.0874290    
   16.5802841       12.0904989    
   16.5902843       12.0936594    
   16.6002846       12.0967169    
   16.6102848       12.0998287    
   16.6202850       12.1026230    
   16.6302853       12.1054268    
   16.6402855       12.1077833    
   16.6502857       12.1101103    
   16.6602859       12.1119680    
   16.6702862       12.1137733    
   16.6802864       12.1151962    
   16.6902866       12.1165600    
   16.7002869       12.1177063    
   16.7102871       12.1188097    
   16.7202873       12.1198950    
   16.7302876       12.1209631    
   16.7402878       12.1222000    
   16.7502880       12.1234484    
   16.7602882       12.1249981    
   16.7702885       12.1265831    
   16.7802887       12.1285200    
   16.7902889       12.1305094    
   16.8002892       12.1328173    
   16.8102894       12.1351805    
   16.8202896       12.1377573    
   16.8302898       12.1403837    
   16.8402901       12.1430779    
   16.8502903       12.1458054    
   16.8602905       12.1484537    
   16.8702908       12.1511135    
   16.8802910       12.1535797    
   16.8902912       12.1560354    
   16.9002914       12.1582384    
   16.9102917       12.1604176    
   16.9202919       12.1623507    
   16.9302921       12.1642504    
   16.9402924       12.1659718    
   16.9502926       12.1676617    
   16.9602928       12.1692743    
   16.9702930       12.1708670    
   16.9802933       12.1724920    
   16.9902935       12.1741095    
   17.0002937       12.1758509    
   17.0102940       12.1776018    
   17.0202942       12.1795292    
   17.0302944       12.1814775    
   17.0402946       12.1836090    
   17.0502949       12.1857643    
   17.0602951       12.1880655    
   17.0702953       12.1903887    
   17.0802956       12.1927853    
   17.0902958       12.1951952    
   17.1002960       12.1975985    
   17.1102962       12.1999998    
   17.1202965       12.2023201    
   17.1302967       12.2046289    
   17.1402969       12.2068005    
   17.1502972       12.2089539    
   17.1602974       12.2109518    
   17.1702976       12.2129278    
   17.1802979       12.2147646    
   17.1902981       12.2165842    
   17.2002983       12.2183094    
   17.2102985       12.2200222    
   17.2202988       12.2217064    
   17.2302990       12.2233829    
   17.2402992       12.2250967    
   17.2502995       12.2268085    
   17.2602997       12.2286148    
   17.2702999       12.2304173    
   17.2803001       12.2323446    
   17.2903004       12.2342710    
   17.3003006       12.2363214    
   17.3103008       12.2383728    
   17.3203011       12.2405176    
   17.3303013       12.2426624    
   17.3403015       12.2448540    
   17.3503017       12.2470436    
   17.3603020       12.2492228    
   17.3703022       12.2514000    
   17.3803024       12.2535152    
   17.3903027       12.2556238    
   17.4003029       12.2576399    
   17.4103031       12.2596426    
   17.4203033       12.2615433    
   17.4303036       12.2634268    
   17.4403038       12.2652216    
   17.4503040       12.2669935    
   17.4603043       12.2687111    
   17.4703045       12.2704067    
   17.4803047       12.2720871    
   17.4903049       12.2737465    
   17.5003052       12.2754326    
   17.5103054       12.2771025    
   17.5203056       12.2788296    
   17.5303059       12.2805471    
   17.5403061       12.2823353    
   17.5503063       12.2841225    
   17.5603065       12.2859783    
   17.5703068       12.2878351    
   17.5803070       12.2897472    
   17.5903072       12.2916603    
   17.6003075       12.2935991    
   17.6103077       12.2955408    
   17.6203079       12.2974710    
   17.6303082       12.2994041    
   17.6403084       12.3012915    
   17.6503086       12.3031797    
   17.6603088       12.3049994    
   17.6703091       12.3068142    
   17.6803093       12.3085489    
   17.6903095       12.3102789    
   17.7003098       12.3119278    
   17.7103100       12.3135729    
   17.7203102       12.3151484    
   17.7303104       12.3167181    
   17.7403107       12.3182449    
   17.7503109       12.3197632    
   17.7603111       12.3212671    
   17.7703114       12.3227625    
   17.7803116       12.3242664    
   17.7903118       12.3257637    
   17.8003120       12.3272867    
   17.8103123       12.3288050    
   17.8203125       12.3303595    
   17.8303127       12.3319044    
   17.8403130       12.3334875    
   17.8503132       12.3350592    
   17.8603134       12.3366594    
   17.8703136       12.3382454    
   17.8803139       12.3398438    
   17.8903141       12.3414278    
   17.9003143       12.3430014    
   17.9103146       12.3445625    
   17.9203148       12.3460913    
   17.9303150       12.3476114    
   17.9403152       12.3490772    
   17.9503155       12.3505421    
   17.9603157       12.3519411    
   17.9703159       12.3533401    
   17.9803162       12.3546753    
   17.9903164       12.3560085    
   18.0003166       12.3572884    
   18.0103168       12.3585663    
   18.0203171       12.3598032    
   18.0303173       12.3610382    
   18.0403175       12.3622494    
   18.0503178       12.3634558    
   18.0603180       12.3646545    
   18.0703182       12.3658457    
   18.0803185       12.3670425    
   18.0903187       12.3682261    
   18.1003189       12.3694239    
   18.1103191       12.3706036    
   18.1203194       12.3717985    
   18.1303196       12.3729753    
   18.1403198       12.3741579    
   18.1503201       12.3753242    
   18.1603203       12.3764820    
   18.1703205       12.3776245    
   18.1803207       12.3787432    
   18.1903210       12.3798504    
   18.2003212       12.3809185    
   18.2103214       12.3819752    
   18.2203217       12.3829851    
   18.2303219       12.3839836    
   18.2403221       12.3849287    
   18.2503223       12.3858624    
   18.2603226       12.3867455    
   18.2703228       12.3876152    
   18.2803230       12.3884411    
   18.2903233       12.3892527    
   18.3003235       12.3900251    
   18.3103237       12.3907871    
   18.3203239       12.3915148    
   18.3303242       12.3922367    
   18.3403244       12.3929262    
   18.3503246       12.3936157    
   18.3603249       12.3942728    
   18.3703251       12.3949337    
   18.3803253       12.3955612    
   18.3903255       12.3961964    
   18.4003258       12.3967915    
   18.4103260       12.3973961    
   18.4203262       12.3979549    
   18.4303265       12.3985224    
   18.4403267       12.3990393    
   18.4503269       12.3995600    
   18.4603271       12.4000263    
   18.4703274       12.4004927    
   18.4803276       12.4008989    
   18.4903278       12.4013023    
   18.5003281       12.4016409    
   18.5103283       12.4019775    
   18.5203285       12.4022455    
   18.5303288       12.4025087    
   18.5403290       12.4027071    
   18.5503292       12.4028950    
   18.5603294       12.4030247    
   18.5703297       12.4031382    
   18.5803299       12.4032040    
   18.5903301       12.4032488    
   18.6003304       12.4032516    
   18.6103306       12.4032297    
   18.6203308       12.4031715    
   18.6303310       12.4030867    
   18.6403313       12.4029703    
   18.6503315       12.4028225    
   18.6603317       12.4026461    
   18.6703320       12.4024343    
   18.6803322       12.4021931    
   18.6903324       12.4019136    
   18.7003326       12.4016056    
   18.7103329       12.4012518    
   18.7203331       12.4008694    
   18.7303333       12.4004364    
   18.7403336       12.3999710    
   18.7503338       12.3994541    
   18.7603340       12.3989000    
   18.7703342       12.3982916    
   18.7803345       12.3976460    
   18.7903347       12.3969412    
   18.8003349       12.3962002    
   18.8103352       12.3953972    
   18.8203354       12.3945599    
   18.8303356       12.3936548    
   18.8403358       12.3927221    
   18.8503361       12.3917179    
   18.8603363       12.3906908    
   18.8703365       12.3895874    
   18.8803368       12.3884640    
   18.8903370       12.3872623    
   18.9003372       12.3860455    
   18.9103374       12.3847437    
   18.9203377       12.3834314    
   18.9303379       12.3820314    
   18.9403381       12.3806171    
   18.9503384       12.3791161    
   18.9603386       12.3775940    
   18.9703388       12.3759890    
   18.9803391       12.3743544    
   18.9903393       12.3726387    
   19.0003395       12.3708897    
   19.0103397       12.3690577    
   19.0203400       12.3671894    
   19.0303402       12.3652325    
   19.0403404       12.3632431    
   19.0503407       12.3611593    
   19.0603409       12.3590460    
   19.0703411       12.3568344    
   19.0803413       12.3545961    
   19.0903416       12.3522568    
   19.1003418       12.3498917    
   19.1103420       12.3474274    
   19.1203423       12.3449364    
   19.1303425       12.3423500    
   19.1403427       12.3397350    
   19.1503429       12.3370285    
   19.1603432       12.3342924    
   19.1703434       12.3314667    
   19.1803436       12.3286123    
   19.1903439       12.3256702    
   19.2003441       12.3226995    
   19.2103443       12.3196402    
   19.2203445       12.3165541    
   19.2303448       12.3133802    
   19.2403450       12.3101816    
   19.2503452       12.3068933    
   19.2603455       12.3035851    
   19.2703457       12.3001833    
   19.2803459       12.2967672    
   19.2903461       12.2932558    
   19.3003464       12.2897377    
   19.3103466       12.2861195    
   19.3203468       12.2825060    
   19.3303471       12.2787876    
   19.3403473       12.2750845    
   19.3503475       12.2712746    
   19.3603477       12.2674913    
   19.3703480       12.2635994    
   19.3803482       12.2597427    
   19.3903484       12.2557802    
   19.4003487       12.2518568    
   19.4103489       12.2478333    
   19.4203491       12.2438517    
   19.4303493       12.2397785    
   19.4403496       12.2357473    
   19.4503498       12.2316341    
   19.4603500       12.2275629    
   19.4703503       12.2234163    
   19.4803505       12.2193155    
   19.4903507       12.2151461    
   19.5003510       12.2110224    
   19.5103512       12.2068367    
   19.5203514       12.2026997    
   19.5303516       12.1985054    
   19.5403519       12.1943645    
   19.5503521       12.1901703    
   19.5603523       12.1860323    
   19.5703526       12.1818457    
   19.5803528       12.1777163    
   19.5903530       12.1735449    
   19.6003532       12.1694298    
   19.6103535       12.1652784    
   19.6203537       12.1611814    
   19.6303539       12.1570530    
   19.6403542       12.1529760    
   19.6503544       12.1488762    
   19.6603546       12.1448183    
   19.6703548       12.1407471    
   19.6803551       12.1367102    
   19.6903553       12.1326694    
   19.7003555       12.1286545    
   19.7103558       12.1246443    
   19.7203560       12.1206541    
   19.7303562       12.1166744    
   19.7403564       12.1127090    
   19.7503567       12.1087608    
   19.7603569       12.1048231    
   19.7703571       12.1009035    
   19.7803574       12.0969954    
   19.7903576       12.0931025    
   19.8003578       12.0892220    
   19.8103580       12.0853558    
   19.8203583       12.0815029    
   19.8303585       12.0776587    
   19.8403587       12.0738287    
   19.8503590       12.0700045    
   19.8603592       12.0661945    
   19.8703594       12.0623865    
   19.8803596       12.0585928    
   19.8903599       12.0547981    
   19.9003601       12.0510187    
   19.9103603       12.0472326    
   19.9203606       12.0434685    
   19.9303608       12.0396967    
   19.9403610       12.0359373    
   19.9503613       12.0321569    
   19.9603615       12.0284204    
   19.9703617       12.0246878    
   19.9803619       12.0209122    
   19.9903622       12.0170832    
   20.0003624       12.0134048    
